#C MLE data file created from c:/users/kelli/desktop/new folder/data.ss_new to c:/users/kelli/desktop/new folder/BootData.ss
#_expected values with no error added 
1901 #_styr
1930 #_endyr
1 #_nseas
 12 #_months/season
1 #_spawn_seas
1 #_Nfleet
1 #_Nsurveys
1 #_N_areas
Fishery%Survey
 0.5 0.5 #_surveytiming_in_season
 1 1 #_area_assignments_for_each_fishery_and_survey
 1 #_units of catch:  1=bio; 2=num
 0.01 #_se of log(catch) only used for init_eq_catch and for Fmethod 2 and 3; use -1 for discard only fleets
1 #_Ngenders
25 #_Nages
 0 #_init_equil_catch_for_each_fishery
30 #_N_lines_of_catch_to_read
#_catch_biomass(mtons):_columns_are_fisheries,year,season
0 1901 1
0 1902 1
0 1903 1
0 1904 1
0 1905 1
1.35783e+009 1906 1
9.20264e+008 1907 1
6.39612e+008 1908 1
4.61992e+008 1909 1
3.49566e+008 1910 1
2.77035e+008 1911 1
2.28358e+008 1912 1
1.93917e+008 1913 1
1.68215e+008 1914 1
1.48176e+008 1915 1
1.32054e+008 1916 1
1.18795e+008 1917 1
1.0771e+008 1918 1
9.83189e+007 1919 1
9.02711e+007 1920 1
8.33037e+007 1921 1
7.72166e+007 1922 1
7.18556e+007 1923 1
6.71006e+007 1924 1
6.2856e+007 1925 1
0 1926 1
0 1927 1
0 1928 1
0 1929 1
0 1930 1
#
30 #_N_cpue_and_surveyabundance_observations
#_Units:  0=numbers; 1=biomass; 2=F
#_Errtype:  -1=normal; 0=lognormal; >0=T
#_Fleet Units Errtype
1 1 0
2 1 0
#_year seas index obs err
1901 1 2 4.1393e+009 0.2 #_orig_obs: 4.09888e+009 Survey
1902 1 2 4.13871e+009 0.2 #_orig_obs: 4.09888e+009 Survey
1903 1 2 4.13535e+009 0.2 #_orig_obs: 4.09888e+009 Survey
1904 1 2 4.12986e+009 0.2 #_orig_obs: 4.09888e+009 Survey
1905 1 2 4.12309e+009 0.2 #_orig_obs: 4.09888e+009 Survey
1906 1 2 3.37462e+009 0.2 #_orig_obs: 3.35901e+009 Survey
1907 1 2 2.28992e+009 0.2 #_orig_obs: 2.28121e+009 Survey
1908 1 2 1.59406e+009 0.2 #_orig_obs: 1.58941e+009 Survey
1909 1 2 1.15318e+009 0.2 #_orig_obs: 1.15093e+009 Survey
1910 1 2 8.73689e+008 0.2 #_orig_obs: 8.72869e+008 Survey
1911 1 2 6.92994e+008 0.2 #_orig_obs: 6.93046e+008 Survey
1912 1 2 5.71486e+008 0.2 #_orig_obs: 5.72061e+008 Survey
1913 1 2 4.85416e+008 0.2 #_orig_obs: 4.86289e+008 Survey
1914 1 2 4.21167e+008 0.2 #_orig_obs: 4.2219e+008 Survey
1915 1 2 3.71089e+008 0.2 #_orig_obs: 3.72168e+008 Survey
1916 1 2 3.30811e+008 0.2 #_orig_obs: 3.31888e+008 Survey
1917 1 2 2.97688e+008 0.2 #_orig_obs: 2.98732e+008 Survey
1918 1 2 2.69998e+008 0.2 #_orig_obs: 2.70992e+008 Survey
1919 1 2 2.46535e+008 0.2 #_orig_obs: 2.47474e+008 Survey
1920 1 2 2.2642e+008 0.2 #_orig_obs: 2.27306e+008 Survey
1921 1 2 2.08994e+008 0.2 #_orig_obs: 2.09835e+008 Survey
1922 1 2 1.93752e+008 0.2 #_orig_obs: 1.94562e+008 Survey
1923 1 2 1.80302e+008 0.2 #_orig_obs: 1.81105e+008 Survey
1924 1 2 1.68329e+008 0.2 #_orig_obs: 1.69163e+008 Survey
1925 1 2 1.57572e+008 0.2 #_orig_obs: 1.58499e+008 Survey
1926 1 2 1.80016e+008 0.2 #_orig_obs: 1.81003e+008 Survey
1927 1 2 2.41438e+008 0.2 #_orig_obs: 2.42249e+008 Survey
1928 1 2 3.10228e+008 0.2 #_orig_obs: 3.10588e+008 Survey
1929 1 2 3.87398e+008 0.2 #_orig_obs: 3.87043e+008 Survey
1930 1 2 4.74722e+008 0.2 #_orig_obs: 4.73382e+008 Survey
#
0 #_N_fleets_with_discard
#_discard_units (1=same_as_catchunits(bio/num); 2=fraction; 3=numbers)
#_discard_errtype:  >0 for DF of T-dist(read CV below); 0 for normal with CV; -1 for normal with se; -2 for lognormal
#Fleet Disc_units err_type
0 #N discard obs
#_year seas index obs err
#
0 #_N_meanbodywt_obs
1 #_DF_for_meanbodywt_T-distribution_like
#
2 # length bin method: 1=use databins; 2=generate from binwidth,min,max below; 3=read vector
2 # binwidth for population size comp 
10 # minimum size in the population (lower edge of first bin and size at age 0.00) 
200 # maximum size in the population (lower edge of last bin) 
#
-0.001 #_comp_tail_compression
1e-005 #_add_to_comp
0 #_combine males into females at or below this bin number
45 #_N_LengthBins
 20 23 26 29 32 35 38 41 44 47 50 53 56 59 62 65 68 71 74 77 80 83 86 89 92 95 98 101 104 107 110 113 116 119 122 125 128 131 134 137 140 143 146 149 152
0 #_N_Length_obs
#Yr Seas Flt/Svy Gender Part Nsamp datavector(female-male)
#
15 #_N_age_bins
 1 2 3 4 5 6 7 8 9 10 11 12 13 14 15
1 #_N_ageerror_definitions
 -1 -1 -1 -1 -1 -1 -1 -1 -1 -1 -1 -1 -1 -1 -1 -1 -1 -1 -1 -1 -1 -1 -1 -1 -1 -1
 0.001 0.001 0.001 0.001 0.001 0.001 0.001 0.001 0.001 0.001 0.001 0.001 0.001 0.001 0.001 0.001 0.001 0.001 0.001 0.001 0.001 0.001 0.001 0.001 0.001 0.001
50 #_N_Agecomp_obs
1 #_Lbin_method: 1=poplenbins; 2=datalenbins; 3=lengths
-1 #_combine males into females at or below this bin number
#Yr Seas Flt/Svy Gender Part Ageerr Lbin_lo Lbin_hi Nsamp datavector(female-male)
 1906 1 1 0 0 1 -1 -1 100  3.36018 16.7832 14.3725 11.7745 9.64395 8.15466 6.6456 5.41584 4.41368 3.597 2.93146 2.3891 1.94712 1.58694 6.98415
 1907 1 1 0 0 1 -1 -1 100  4.59543 21.833 13.4967 10.8174 8.85682 7.25419 6.13398 4.99891 4.07391 3.32011 2.70582 2.20522 1.79727 1.46482 6.44646
 1908 1 1 0 0 1 -1 -1 100  5.43175 27.4965 16.1528 9.34537 7.48579 6.12909 5.0201 4.24493 3.45948 2.81939 2.29777 1.87269 1.52629 1.24399 5.4741
 1909 1 1 0 0 1 -1 -1 100  5.96381 30.7968 19.2684 10.5937 6.12565 4.90679 4.01756 3.29069 2.78262 2.2678 1.84827 1.50638 1.22777 1.00073 4.40296
 1910 1 1 0 0 1 -1 -1 100  6.23571 32.7423 20.8898 12.2322 6.72141 3.88667 3.11339 2.54923 2.08808 1.76575 1.43913 1.17297 0.956063 0.779303 3.428
 1911 1 1 0 0 1 -1 -1 100  6.35878 33.6912 21.8504 13.0469 7.63534 4.19566 2.42631 1.94365 1.59152 1.30369 1.1025 0.898635 0.732504 0.59712 2.62581
 1912 1 1 0 0 1 -1 -1 100  6.43599 34.1026 22.3137 13.5436 8.08224 4.73004 2.59935 1.50334 1.20436 0.98624 0.807942 0.683315 0.557034 0.454125 1.99619
 1913 1 1 0 0 1 -1 -1 100  6.52113 34.3465 22.4726 13.761 8.34763 4.98165 2.91561 1.60242 0.926928 0.74266 0.608226 0.498337 0.421526 0.343696 1.50995
 1914 1 1 0 0 1 -1 -1 100  6.62353 34.6114 22.5089 13.7827 8.43496 5.11689 3.05378 1.78745 0.982558 0.568527 0.455584 0.373186 0.305832 0.258752 1.13593
 1915 1 1 0 0 1 -1 -1 100  6.73209 34.9307 22.5371 13.7164 8.39406 5.13725 3.11656 1.86013 1.08894 0.598765 0.346622 0.27784 0.22766 0.186641 0.849136
 1916 1 1 0 0 1 -1 -1 100  6.83488 35.2681 22.5939 13.6423 8.29813 5.07834 3.10815 1.88574 1.12567 0.659144 0.362615 0.210082 0.168473 0.138117 0.626378
 1917 1 1 0 0 1 -1 -1 100  6.92622 35.5845 22.6703 13.5916 8.20193 4.98908 3.05341 1.86896 1.13407 0.677133 0.396664 0.218396 0.126696 0.101682 0.459398
 1918 1 1 0 0 1 -1 -1 100  7.00565 35.8622 22.7481 13.5626 8.12656 4.90417 2.98327 1.82597 1.11782 0.67844 0.405246 0.237559 0.130977 0.0761512 0.335262
 1919 1 1 0 0 1 -1 -1 100  7.07506 36.1006 22.8165 13.5443 8.07063 4.83597 2.91854 1.77555 1.08692 0.665541 0.404098 0.241539 0.14176 0.0783402 0.244614
 1920 1 1 0 0 1 -1 -1 100  7.13649 36.3065 22.8728 13.5286 8.02628 4.78274 2.86601 1.72982 1.05252 0.64447 0.39478 0.23986 0.143534 0.0844088 0.191185
 1921 1 1 0 0 1 -1 -1 100  7.19134 36.487 22.9188 13.5122 7.98755 4.739 2.82407 1.69246 1.02167 0.621804 0.380895 0.233482 0.142019 0.0851497 0.162525
 1922 1 1 0 0 1 -1 -1 100  7.24038 36.647 22.9575 13.4952 7.95178 4.70072 2.7891 1.66225 0.996345 0.601616 0.366315 0.224551 0.137805 0.0839832 0.145569
 1923 1 1 0 0 1 -1 -1 100  7.28383 36.7894 22.9909 13.4785 7.91857 4.66602 2.7585 1.63688 0.975715 0.585006 0.353404 0.215344 0.132165 0.0812684 0.134513
 1924 1 1 0 0 1 -1 -1 100  7.3212 36.9159 23.0208 13.4633 7.88837 4.63455 2.73108 1.61475 0.958356 0.571426 0.342774 0.207235 0.126439 0.077761 0.12611
 1925 1 1 0 0 1 -1 -1 100  7.35213 37.0257 23.0486 13.4507 7.86192 4.60659 2.70662 1.59515 0.943302 0.560019 0.334083 0.200568 0.121424 0.0742462 0.118876
 1901 1 2 0 0 1 -1 -1 100  10.3489 16.59 13.5205 11.0184 8.9793 7.31763 5.96349 4.85997 3.96069 3.22784 2.63063 2.14395 1.74734 1.42413 6.26729
 1902 1 2 0 0 1 -1 -1 100  10.0116 16.6524 13.5714 11.0598 9.01309 7.34516 5.98593 4.87826 3.97559 3.23999 2.64053 2.15201 1.75391 1.42949 6.29087
 1903 1 2 0 0 1 -1 -1 100  10.0269 16.1548 13.6607 11.1326 9.07238 7.39348 6.0253 4.91034 4.00174 3.2613 2.65789 2.16616 1.76544 1.43888 6.33224
 1904 1 2 0 0 1 -1 -1 100  10.0409 16.1747 13.2486 11.2025 9.1294 7.43995 6.06317 4.94121 4.02689 3.28179 2.67459 2.17977 1.77653 1.44792 6.37205
 1905 1 2 0 0 1 -1 -1 100  10.0547 16.1928 13.2613 10.8616 9.18424 7.48464 6.09959 4.97088 4.05107 3.3015 2.69065 2.19286 1.7872 1.45662 6.41032
 1906 1 2 0 0 1 -1 -1 100  11.735 16.0531 13.0018 10.6464 8.71989 7.37331 6.00887 4.89695 3.99083 3.2524 2.65064 2.16026 1.76063 1.43496 6.31497
 1907 1 2 0 0 1 -1 -1 100  15.5226 20.182 11.7996 9.45252 7.73934 6.33894 5.36008 4.36824 3.55997 2.90128 2.36451 1.92708 1.57061 1.28011 5.63313
 1908 1 2 0 0 1 -1 -1 100  17.9243 24.8247 13.7926 7.97595 6.38886 5.23099 4.28453 3.62296 2.95262 2.40635 1.96117 1.59839 1.30275 1.06183 4.672
 1909 1 2 0 0 1 -1 -1 100  19.3988 27.4015 16.2146 8.91039 5.15233 4.12717 3.37925 2.7679 2.34056 1.90757 1.5547 1.26715 1.03282 0.84185 3.70341
 1910 1 2 0 0 1 -1 -1 100  20.1337 28.9147 17.4475 10.2115 5.61114 3.24473 2.5992 2.12824 1.74328 1.47419 1.20154 0.979349 0.798279 0.650721 2.86183
 1911 1 2 0 0 1 -1 -1 100  20.4614 29.6515 18.1878 10.8547 6.35242 3.49077 2.01875 1.6172 1.32424 1.08478 0.917395 0.747792 0.609578 0.496944 2.18473
 1912 1 2 0 0 1 -1 -1 100  20.6666 29.9528 18.5358 11.245 6.71061 3.92738 2.15833 1.24835 1.00012 0.819015 0.670979 0.567505 0.462658 0.377216 1.65754
 1913 1 2 0 0 1 -1 -1 100  20.8938 30.103 18.6282 11.4013 6.91624 4.1275 2.41578 1.32779 0.768138 0.61547 0.504091 0.413047 0.349409 0.284926 1.25118
 1914 1 2 0 0 1 -1 -1 100  21.1665 30.2582 18.611 11.3903 6.97086 4.22879 2.52383 1.47733 0.812164 0.470007 0.37667 0.308576 0.252914 0.214007 0.938908
 1915 1 2 0 0 1 -1 -1 100  21.4539 30.4548 18.5839 11.3049 6.9183 4.23414 2.56874 1.53324 0.897646 0.493659 0.285851 0.229163 0.187806 0.154 0.700007
 1916 1 2 0 0 1 -1 -1 100  21.7245 30.6698 18.5827 11.2148 6.82163 4.17482 2.55522 1.55035 0.925535 0.542026 0.298265 0.172875 0.138671 0.113716 0.515091
 1917 1 2 0 0 1 -1 -1 100  21.9635 30.8741 18.6029 11.1476 6.72712 4.09205 2.50448 1.53304 0.930306 0.555541 0.32551 0.179301 0.104092 0.0835755 0.376962
 1918 1 2 0 0 1 -1 -1 100  22.1705 31.0532 18.6296 11.1017 6.65206 4.01442 2.44209 1.4948 0.915153 0.555508 0.331889 0.194632 0.10739 0.0625139 0.274605
 1919 1 2 0 0 1 -1 -1 100  22.3506 31.2054 18.6533 11.0676 6.59484 3.95174 2.38497 1.45101 0.888321 0.544008 0.330379 0.197549 0.116018 0.064196 0.200061
 1920 1 2 0 0 1 -1 -1 100  22.5096 31.3355 18.6707 11.0378 6.54858 3.90227 2.33847 1.41149 0.858906 0.525987 0.322273 0.195878 0.117289 0.0690507 0.156166
 1921 1 2 0 0 1 -1 -1 100  22.6512 31.4484 18.6829 11.0094 6.50811 3.86133 2.30112 1.37913 0.832598 0.506806 0.310523 0.190417 0.115897 0.0695617 0.132604
 1922 1 2 0 0 1 -1 -1 100  22.7774 31.5479 18.6917 10.9822 6.47111 3.82549 2.26987 1.35287 0.810982 0.489764 0.298282 0.182919 0.112328 0.0685293 0.118646
 1923 1 2 0 0 1 -1 -1 100  22.8891 31.6365 18.6987 10.9568 6.43716 3.79317 2.24256 1.3308 0.793341 0.475736 0.287467 0.175239 0.107624 0.0662497 0.109532
 1924 1 2 0 0 1 -1 -1 100  22.9849 31.7159 18.7057 10.9343 6.40666 3.76409 2.21821 1.3116 0.778508 0.464266 0.278569 0.168492 0.102874 0.0633407 0.102607
 1925 1 2 0 0 1 -1 -1 100  23.0634 31.7861 18.7141 10.9158 6.38033 3.73855 2.19668 1.29469 0.765701 0.454657 0.271305 0.162955 0.0987274 0.060441 0.0966596
 1926 1 2 0 0 1 -1 -1 100  20.2845 32.81 19.5032 11.3571 6.62406 3.87194 2.26892 1.33332 0.786003 0.465016 0.276277 0.165019 0.099273 0.0603004 0.0951142
 1927 1 2 0 0 1 -1 -1 100  16.4092 27.8834 22.9282 13.6286 7.93633 4.629 2.7059 1.58576 0.931988 0.549537 0.325241 0.193355 0.115612 0.0696703 0.108202
 1928 1 2 0 0 1 -1 -1 100  18.0937 22.8161 19.7107 16.2071 9.63362 5.61007 3.2723 1.91295 1.12118 0.659068 0.388732 0.230189 0.136966 0.0820131 0.125315
 1929 1 2 0 0 1 -1 -1 100  18.6043 24.655 15.8059 13.6539 11.227 6.67353 3.88641 2.26703 1.32541 0.776953 0.456844 0.269583 0.159759 0.0951837 0.143231
 1930 1 2 0 0 1 -1 -1 100  18.4069 25.3059 17.0495 10.9297 9.44164 7.76345 4.61487 2.68766 1.5679 0.916795 0.537551 0.316204 0.186718 0.110778 0.164474
#
0 #_N_MeanSize-at-Age_obs
#Yr Seas Flt/Svy Gender Part Ageerr Ignore datavector(female-male)
#                                          samplesize(female-male)
#
0 #_N_environ_variables
0 #_N_environ_obs
0 # N sizefreq methods to read 
#
0 # do tags (0/1)
#
0 # no morphcomp data 
#
999
#
